(kicad_pcb (version 20171130) (host pcbnew 5.0.1)

  (general
    (thickness 1.6)
    (drawings 8)
    (tracks 223)
    (zones 0)
    (modules 158)
    (nets 286)
  )

  (page A4)
  (layers
    (0 F.Cu signal)
    (1 In1.Cu signal)
    (2 In2.Cu signal)
    (31 B.Cu signal)
    (32 B.Adhes user)
    (33 F.Adhes user)
    (34 B.Paste user)
    (35 F.Paste user)
    (36 B.SilkS user)
    (37 F.SilkS user)
    (38 B.Mask user)
    (39 F.Mask user)
    (40 Dwgs.User user)
    (41 Cmts.User user)
    (42 Eco1.User user)
    (43 Eco2.User user)
    (44 Edge.Cuts user)
    (45 Margin user)
    (46 B.CrtYd user)
    (47 F.CrtYd user)
    (48 B.Fab user)
    (49 F.Fab user)
  )

  (setup
    (last_trace_width 0.127)
    (trace_clearance 0.127)
    (zone_clearance 0.508)
    (zone_45_only no)
    (trace_min 0.127)
    (segment_width 0.2)
    (edge_width 0.15)
    (via_size 0.45)
    (via_drill 0.2)
    (via_min_size 0.45)
    (via_min_drill 0.2)
    (uvia_size 0.45)
    (uvia_drill 0.2)
    (uvias_allowed no)
    (uvia_min_size 0.2)
    (uvia_min_drill 0.1)
    (pcb_text_width 0.3)
    (pcb_text_size 1.5 1.5)
    (mod_edge_width 0.15)
    (mod_text_size 1 1)
    (mod_text_width 0.15)
    (pad_size 1.524 1.524)
    (pad_drill 0.762)
    (pad_to_mask_clearance 0.051)
    (solder_mask_min_width 0.25)
    (aux_axis_origin 0 0)
    (visible_elements FFFFFF7F)
    (pcbplotparams
      (layerselection 0x010fc_ffffffff)
      (usegerberextensions false)
      (usegerberattributes false)
      (usegerberadvancedattributes false)
      (creategerberjobfile false)
      (excludeedgelayer true)
      (linewidth 0.100000)
      (plotframeref false)
      (viasonmask false)
      (mode 1)
      (useauxorigin false)
      (hpglpennumber 1)
      (hpglpenspeed 20)
      (hpglpendiameter 15.000000)
      (psnegative false)
      (psa4output false)
      (plotreference true)
      (plotvalue true)
      (plotinvisibletext false)
      (padsonsilk false)
      (subtractmaskfromsilk false)
      (outputformat 1)
      (mirror false)
      (drillshape 1)
      (scaleselection 1)
      (outputdirectory ""))
  )

  (net 0 "")
  (net 1 GND)
  (net 2 +3V3)
  (net 3 CLK_16MHz)
  (net 4 /RAM_DQ7)
  (net 5 /RAM_DQ0)
  (net 6 "Net-(U2-PadA4)")
  (net 7 /RAM_A0)
  (net 8 /FT_DATA_0)
  (net 9 /FT_DATA_12)
  (net 10 /FT_DATA_13)
  (net 11 /FT_RXF_N)
  (net 12 /FT_WR_N)
  (net 13 /FT_OE_N)
  (net 14 /PMOD0_5)
  (net 15 /PMOD1_4)
  (net 16 /PMOD0_2)
  (net 17 "Net-(U2-PadA15)")
  (net 18 /PMOD2_5)
  (net 19 /PMOD2_2)
  (net 20 /PMOD2_1)
  (net 21 /PMOD2_0)
  (net 22 /RAM_A8)
  (net 23 /RAM_DQ6)
  (net 24 /RAM_A1)
  (net 25 /RAM_A2)
  (net 26 "Net-(U2-PadB5)")
  (net 27 /FT_DATA_1)
  (net 28 /FT_DATA_11)
  (net 29 /FT_BE_0)
  (net 30 /FT_TXE_N)
  (net 31 /FT_CLK)
  (net 32 /PMOD0_7)
  (net 33 /PMOD0_4)
  (net 34 /PMOD0_0)
  (net 35 "Net-(U2-PadB16)")
  (net 36 /PMOD2_3)
  (net 37 "Net-(U2-PadB18)")
  (net 38 "Net-(U2-PadB19)")
  (net 39 "Net-(U2-PadB20)")
  (net 40 /RAM_DQ9)
  (net 41 /RAM_A7)
  (net 42 /RAM_DQ2)
  (net 43 /RAM_DQ1)
  (net 44 "Net-(U2-PadC5)")
  (net 45 /FT_DATA_6)
  (net 46 /FT_DATA_7)
  (net 47 /FT_DATA_10)
  (net 48 "Net-(U2-PadC9)")
  (net 49 /FT_DATA_15)
  (net 50 /FT_RD_N)
  (net 51 /PMOD1_6)
  (net 52 /PMOD1_3)
  (net 53 /PMOD1_1)
  (net 54 /PMOD2_7)
  (net 55 /PMOD2_4)
  (net 56 "Net-(U2-PadC17)")
  (net 57 /BANK2)
  (net 58 /RAM_A10)
  (net 59 /RAM_DQ8)
  (net 60 /RAM_A3)
  (net 61 /RAM_A4)
  (net 62 /FT_DATA_3)
  (net 63 /FT_DATA_5)
  (net 64 /FT_DATA_9)
  (net 65 /FT_BE_1)
  (net 66 "Net-(U2-PadD10)")
  (net 67 /PMOD0_6)
  (net 68 /PMOD0_3)
  (net 69 /PMOD0_1)
  (net 70 /PMOD2_6)
  (net 71 "Net-(U2-PadD16)")
  (net 72 /RAM_A9)
  (net 73 /RAM_DQ15)
  (net 74 /RAM_A6)
  (net 75 /RAM_DQ3)
  (net 76 /RAM_DQ4)
  (net 77 /FT_DATA_2)
  (net 78 /FT_DATA_4)
  (net 79 /FT_DATA_8)
  (net 80 /FT_DATA_14)
  (net 81 "Net-(U2-PadE10)")
  (net 82 /PMOD1_7)
  (net 83 /PMOD1_5)
  (net 84 /PMOD1_2)
  (net 85 /PMOD1_0)
  (net 86 "Net-(U2-PadE15)")
  (net 87 /RAM_DQM1)
  (net 88 /RAM_DQ12)
  (net 89 /RAM_DQ14)
  (net 90 /RAM_DQ5)
  (net 91 /RAM_A5)
  (net 92 +2V5)
  (net 93 /RAM_DQM0)
  (net 94 /BANK6)
  (net 95 /RAM_DQ13)
  (net 96 /RAM_A12)
  (net 97 /RAM_A11)
  (net 98 /RAM_DQ11)
  (net 99 /RAM_DQ10)
  (net 100 +1V1)
  (net 101 "Net-(U2-PadJ1)")
  (net 102 "Net-(U2-PadJ5)")
  (net 103 "Net-(U2-PadK1)")
  (net 104 "Net-(U2-PadK3)")
  (net 105 /RAM_BA0)
  (net 106 "Net-(U2-PadK16)")
  (net 107 "Net-(U2-PadK17)")
  (net 108 /RAM_~RAS)
  (net 109 "Net-(U2-PadL5)")
  (net 110 /BANK3)
  (net 111 /RAM_CLK)
  (net 112 /RAM_~CAS)
  (net 113 "Net-(U2-PadM5)")
  (net 114 /RAM_~WE)
  (net 115 /RAM_~CS)
  (net 116 "Net-(U2-PadP2)")
  (net 117 /RAM_CKE)
  (net 118 /RAM_BA1)
  (net 119 "Net-(U2-PadR1)")
  (net 120 /FLASH_CSn)
  (net 121 "Net-(U2-PadR3)")
  (net 122 "Net-(R3-Pad2)")
  (net 123 /JTAG_TDI)
  (net 124 "Net-(U2-PadT1)")
  (net 125 "Net-(R1-Pad2)")
  (net 126 /JTAG_TCK)
  (net 127 "Net-(U2-PadT16)")
  (net 128 "Net-(U2-PadU1)")
  (net 129 /FLASH_SCK)
  (net 130 /JTAG_TMS)
  (net 131 "Net-(U2-PadV1)")
  (net 132 /FLASH_MISO)
  (net 133 /INITn)
  (net 134 /JTAG_TDO)
  (net 135 /FLASH_HOLDn)
  (net 136 /FLASH_MOSI)
  (net 137 /PROGRAMn)
  (net 138 "Net-(U2-PadW4)")
  (net 139 "Net-(U2-PadW5)")
  (net 140 "Net-(U2-PadW8)")
  (net 141 "Net-(U2-PadW9)")
  (net 142 "Net-(U2-PadW13)")
  (net 143 "Net-(U2-PadW14)")
  (net 144 "Net-(U2-PadW17)")
  (net 145 "Net-(U2-PadW18)")
  (net 146 /FLASH_WPn)
  (net 147 DONE)
  (net 148 "Net-(U3-Pad1)")
  (net 149 "Net-(U3-Pad2)")
  (net 150 "Net-(U3-Pad3)")
  (net 151 "Net-(C2-Pad1)")
  (net 152 "Net-(C21-Pad2)")
  (net 153 "Net-(C12-Pad1)")
  (net 154 "Net-(C9-Pad1)")
  (net 155 "Net-(C15-Pad2)")
  (net 156 "Net-(C15-Pad1)")
  (net 157 +5V)
  (net 158 "Net-(C16-Pad1)")
  (net 159 "Net-(C16-Pad2)")
  (net 160 "Net-(C10-Pad1)")
  (net 161 "Net-(C13-Pad1)")
  (net 162 "Net-(C22-Pad2)")
  (net 163 "Net-(R2-Pad1)")
  (net 164 "Net-(C20-Pad2)")
  (net 165 "Net-(C11-Pad1)")
  (net 166 "Net-(C8-Pad1)")
  (net 167 "Net-(C14-Pad1)")
  (net 168 "Net-(C14-Pad2)")
  (net 169 "Net-(U3-Pad30)")
  (net 170 "Net-(U3-Pad31)")
  (net 171 "Net-(U3-Pad32)")
  (net 172 VD10)
  (net 173 "Net-(R35-Pad2)")
  (net 174 "Net-(R36-Pad2)")
  (net 175 "Net-(R37-Pad2)")
  (net 176 "Net-(R38-Pad2)")
  (net 177 "Net-(R32-Pad1)")
  (net 178 "Net-(R39-Pad2)")
  (net 179 "Net-(R40-Pad2)")
  (net 180 "Net-(R41-Pad2)")
  (net 181 "Net-(R33-Pad1)")
  (net 182 "Net-(R34-Pad1)")
  (net 183 FT_GPIO0)
  (net 184 "Net-(C33-Pad2)")
  (net 185 "Net-(C34-Pad2)")
  (net 186 /FT_DP)
  (net 187 /FT_DM)
  (net 188 "Net-(R31-Pad1)")
  (net 189 /FT_TODN)
  (net 190 FT_GPIO1)
  (net 191 "Net-(U6-Pad14)")
  (net 192 /FT_TODP)
  (net 193 /FT_RIDN)
  (net 194 /FT_RIDP)
  (net 195 "Net-(R50-Pad2)")
  (net 196 "Net-(R49-Pad2)")
  (net 197 "Net-(R47-Pad2)")
  (net 198 "Net-(R48-Pad2)")
  (net 199 "Net-(R45-Pad2)")
  (net 200 "Net-(R44-Pad2)")
  (net 201 "Net-(R43-Pad2)")
  (net 202 "Net-(R46-Pad2)")
  (net 203 "Net-(R57-Pad2)")
  (net 204 "Net-(R58-Pad2)")
  (net 205 "Net-(R55-Pad2)")
  (net 206 "Net-(R56-Pad2)")
  (net 207 "Net-(R51-Pad2)")
  (net 208 "Net-(R53-Pad2)")
  (net 209 "Net-(R52-Pad2)")
  (net 210 "Net-(R42-Pad2)")
  (net 211 "Net-(R54-Pad2)")
  (net 212 +1V8)
  (net 213 "Net-(C17-Pad1)")
  (net 214 "Net-(C28-Pad1)")
  (net 215 "Net-(C21-Pad1)")
  (net 216 "Net-(C20-Pad1)")
  (net 217 "Net-(C7-Pad1)")
  (net 218 "Net-(C22-Pad1)")
  (net 219 "Net-(C29-Pad1)")
  (net 220 "Net-(J2-PadA5)")
  (net 221 "Net-(J2-PadB5)")
  (net 222 /USB_DM)
  (net 223 /USB_DP)
  (net 224 "Net-(J2-PadA8)")
  (net 225 "Net-(R29-Pad1)")
  (net 226 "Net-(C18-Pad1)")
  (net 227 "Net-(C19-Pad1)")
  (net 228 "Net-(D1-Pad1)")
  (net 229 "Net-(D2-Pad1)")
  (net 230 "Net-(J2-PadB8)")
  (net 231 "Net-(R30-Pad1)")
  (net 232 "Net-(U4-Pad4)")
  (net 233 "Net-(U7-Pad40)")
  (net 234 "Net-(J6-Pad9)")
  (net 235 "Net-(J6-Pad10)")
  (net 236 "Net-(J6-Pad2)")
  (net 237 "Net-(J6-Pad1)")
  (net 238 /USB_TXP)
  (net 239 /USB_TXN)
  (net 240 "Net-(Y1-Pad2)")
  (net 241 "Net-(Y1-Pad4)")
  (net 242 "Net-(J3-Pad4)")
  (net 243 /PMOD1_VCC)
  (net 244 /PMOD0_VCC)
  (net 245 "Net-(J4-Pad1)")
  (net 246 "Net-(J4-Pad2)")
  (net 247 "Net-(J4-Pad3)")
  (net 248 "Net-(J4-Pad4)")
  (net 249 "Net-(J4-Pad5)")
  (net 250 "Net-(J4-Pad6)")
  (net 251 "Net-(J4-Pad7)")
  (net 252 "Net-(J4-Pad8)")
  (net 253 "Net-(J4-Pad9)")
  (net 254 "Net-(J4-Pad10)")
  (net 255 "Net-(J4-Pad11)")
  (net 256 "Net-(J4-Pad12)")
  (net 257 "Net-(J4-Pad13)")
  (net 258 "Net-(J4-Pad14)")
  (net 259 "Net-(J4-Pad15)")
  (net 260 "Net-(J4-Pad16)")
  (net 261 "Net-(J4-Pad17)")
  (net 262 "Net-(J4-Pad18)")
  (net 263 "Net-(J4-Pad19)")
  (net 264 "Net-(J4-Pad20)")
  (net 265 "Net-(J4-Pad21)")
  (net 266 "Net-(J4-Pad22)")
  (net 267 "Net-(J4-Pad23)")
  (net 268 "Net-(J4-Pad24)")
  (net 269 "Net-(J4-Pad25)")
  (net 270 "Net-(J4-Pad26)")
  (net 271 "Net-(J4-Pad27)")
  (net 272 "Net-(J4-Pad28)")
  (net 273 "Net-(J4-Pad29)")
  (net 274 "Net-(J4-Pad30)")
  (net 275 "Net-(J4-Pad31)")
  (net 276 "Net-(J4-Pad32)")
  (net 277 "Net-(J4-Pad33)")
  (net 278 "Net-(J4-Pad34)")
  (net 279 "Net-(J4-Pad35)")
  (net 280 "Net-(J4-Pad36)")
  (net 281 "Net-(J4-Pad37)")
  (net 282 "Net-(J4-Pad38)")
  (net 283 "Net-(J4-Pad39)")
  (net 284 "Net-(J4-Pad40)")
  (net 285 VBUS)

  (net_class Default "This is the default net class."
    (clearance 0.127)
    (trace_width 0.127)
    (via_dia 0.45)
    (via_drill 0.2)
    (uvia_dia 0.45)
    (uvia_drill 0.2)
    (add_net +1V1)
    (add_net +1V8)
    (add_net +2V5)
    (add_net +3V3)
    (add_net +5V)
    (add_net /BANK2)
    (add_net /BANK3)
    (add_net /BANK6)
    (add_net /FLASH_CSn)
    (add_net /FLASH_HOLDn)
    (add_net /FLASH_MISO)
    (add_net /FLASH_MOSI)
    (add_net /FLASH_SCK)
    (add_net /FLASH_WPn)
    (add_net /FT_BE_0)
    (add_net /FT_BE_1)
    (add_net /FT_CLK)
    (add_net /FT_DATA_0)
    (add_net /FT_DATA_1)
    (add_net /FT_DATA_10)
    (add_net /FT_DATA_11)
    (add_net /FT_DATA_12)
    (add_net /FT_DATA_13)
    (add_net /FT_DATA_14)
    (add_net /FT_DATA_15)
    (add_net /FT_DATA_2)
    (add_net /FT_DATA_3)
    (add_net /FT_DATA_4)
    (add_net /FT_DATA_5)
    (add_net /FT_DATA_6)
    (add_net /FT_DATA_7)
    (add_net /FT_DATA_8)
    (add_net /FT_DATA_9)
    (add_net /FT_DM)
    (add_net /FT_DP)
    (add_net /FT_OE_N)
    (add_net /FT_RD_N)
    (add_net /FT_RIDN)
    (add_net /FT_RIDP)
    (add_net /FT_RXF_N)
    (add_net /FT_TODN)
    (add_net /FT_TODP)
    (add_net /FT_TXE_N)
    (add_net /FT_WR_N)
    (add_net /INITn)
    (add_net /JTAG_TCK)
    (add_net /JTAG_TDI)
    (add_net /JTAG_TDO)
    (add_net /JTAG_TMS)
    (add_net /PMOD0_0)
    (add_net /PMOD0_1)
    (add_net /PMOD0_2)
    (add_net /PMOD0_3)
    (add_net /PMOD0_4)
    (add_net /PMOD0_5)
    (add_net /PMOD0_6)
    (add_net /PMOD0_7)
    (add_net /PMOD0_VCC)
    (add_net /PMOD1_0)
    (add_net /PMOD1_1)
    (add_net /PMOD1_2)
    (add_net /PMOD1_3)
    (add_net /PMOD1_4)
    (add_net /PMOD1_5)
    (add_net /PMOD1_6)
    (add_net /PMOD1_7)
    (add_net /PMOD1_VCC)
    (add_net /PMOD2_0)
    (add_net /PMOD2_1)
    (add_net /PMOD2_2)
    (add_net /PMOD2_3)
    (add_net /PMOD2_4)
    (add_net /PMOD2_5)
    (add_net /PMOD2_6)
    (add_net /PMOD2_7)
    (add_net /PROGRAMn)
    (add_net /RAM_A0)
    (add_net /RAM_A1)
    (add_net /RAM_A10)
    (add_net /RAM_A11)
    (add_net /RAM_A12)
    (add_net /RAM_A2)
    (add_net /RAM_A3)
    (add_net /RAM_A4)
    (add_net /RAM_A5)
    (add_net /RAM_A6)
    (add_net /RAM_A7)
    (add_net /RAM_A8)
    (add_net /RAM_A9)
    (add_net /RAM_BA0)
    (add_net /RAM_BA1)
    (add_net /RAM_CKE)
    (add_net /RAM_CLK)
    (add_net /RAM_DQ0)
    (add_net /RAM_DQ1)
    (add_net /RAM_DQ10)
    (add_net /RAM_DQ11)
    (add_net /RAM_DQ12)
    (add_net /RAM_DQ13)
    (add_net /RAM_DQ14)
    (add_net /RAM_DQ15)
    (add_net /RAM_DQ2)
    (add_net /RAM_DQ3)
    (add_net /RAM_DQ4)
    (add_net /RAM_DQ5)
    (add_net /RAM_DQ6)
    (add_net /RAM_DQ7)
    (add_net /RAM_DQ8)
    (add_net /RAM_DQ9)
    (add_net /RAM_DQM0)
    (add_net /RAM_DQM1)
    (add_net /RAM_~CAS)
    (add_net /RAM_~CS)
    (add_net /RAM_~RAS)
    (add_net /RAM_~WE)
    (add_net /USB_DM)
    (add_net /USB_DP)
    (add_net /USB_TXN)
    (add_net /USB_TXP)
    (add_net CLK_16MHz)
    (add_net DONE)
    (add_net FT_GPIO0)
    (add_net FT_GPIO1)
    (add_net GND)
    (add_net "Net-(C10-Pad1)")
    (add_net "Net-(C11-Pad1)")
    (add_net "Net-(C12-Pad1)")
    (add_net "Net-(C13-Pad1)")
    (add_net "Net-(C14-Pad1)")
    (add_net "Net-(C14-Pad2)")
    (add_net "Net-(C15-Pad1)")
    (add_net "Net-(C15-Pad2)")
    (add_net "Net-(C16-Pad1)")
    (add_net "Net-(C16-Pad2)")
    (add_net "Net-(C17-Pad1)")
    (add_net "Net-(C18-Pad1)")
    (add_net "Net-(C19-Pad1)")
    (add_net "Net-(C2-Pad1)")
    (add_net "Net-(C20-Pad1)")
    (add_net "Net-(C20-Pad2)")
    (add_net "Net-(C21-Pad1)")
    (add_net "Net-(C21-Pad2)")
    (add_net "Net-(C22-Pad1)")
    (add_net "Net-(C22-Pad2)")
    (add_net "Net-(C28-Pad1)")
    (add_net "Net-(C29-Pad1)")
    (add_net "Net-(C33-Pad2)")
    (add_net "Net-(C34-Pad2)")
    (add_net "Net-(C7-Pad1)")
    (add_net "Net-(C8-Pad1)")
    (add_net "Net-(C9-Pad1)")
    (add_net "Net-(D1-Pad1)")
    (add_net "Net-(D2-Pad1)")
    (add_net "Net-(J2-PadA5)")
    (add_net "Net-(J2-PadA8)")
    (add_net "Net-(J2-PadB5)")
    (add_net "Net-(J2-PadB8)")
    (add_net "Net-(J3-Pad4)")
    (add_net "Net-(J4-Pad1)")
    (add_net "Net-(J4-Pad10)")
    (add_net "Net-(J4-Pad11)")
    (add_net "Net-(J4-Pad12)")
    (add_net "Net-(J4-Pad13)")
    (add_net "Net-(J4-Pad14)")
    (add_net "Net-(J4-Pad15)")
    (add_net "Net-(J4-Pad16)")
    (add_net "Net-(J4-Pad17)")
    (add_net "Net-(J4-Pad18)")
    (add_net "Net-(J4-Pad19)")
    (add_net "Net-(J4-Pad2)")
    (add_net "Net-(J4-Pad20)")
    (add_net "Net-(J4-Pad21)")
    (add_net "Net-(J4-Pad22)")
    (add_net "Net-(J4-Pad23)")
    (add_net "Net-(J4-Pad24)")
    (add_net "Net-(J4-Pad25)")
    (add_net "Net-(J4-Pad26)")
    (add_net "Net-(J4-Pad27)")
    (add_net "Net-(J4-Pad28)")
    (add_net "Net-(J4-Pad29)")
    (add_net "Net-(J4-Pad3)")
    (add_net "Net-(J4-Pad30)")
    (add_net "Net-(J4-Pad31)")
    (add_net "Net-(J4-Pad32)")
    (add_net "Net-(J4-Pad33)")
    (add_net "Net-(J4-Pad34)")
    (add_net "Net-(J4-Pad35)")
    (add_net "Net-(J4-Pad36)")
    (add_net "Net-(J4-Pad37)")
    (add_net "Net-(J4-Pad38)")
    (add_net "Net-(J4-Pad39)")
    (add_net "Net-(J4-Pad4)")
    (add_net "Net-(J4-Pad40)")
    (add_net "Net-(J4-Pad5)")
    (add_net "Net-(J4-Pad6)")
    (add_net "Net-(J4-Pad7)")
    (add_net "Net-(J4-Pad8)")
    (add_net "Net-(J4-Pad9)")
    (add_net "Net-(J6-Pad1)")
    (add_net "Net-(J6-Pad10)")
    (add_net "Net-(J6-Pad2)")
    (add_net "Net-(J6-Pad9)")
    (add_net "Net-(R1-Pad2)")
    (add_net "Net-(R2-Pad1)")
    (add_net "Net-(R29-Pad1)")
    (add_net "Net-(R3-Pad2)")
    (add_net "Net-(R30-Pad1)")
    (add_net "Net-(R31-Pad1)")
    (add_net "Net-(R32-Pad1)")
    (add_net "Net-(R33-Pad1)")
    (add_net "Net-(R34-Pad1)")
    (add_net "Net-(R35-Pad2)")
    (add_net "Net-(R36-Pad2)")
    (add_net "Net-(R37-Pad2)")
    (add_net "Net-(R38-Pad2)")
    (add_net "Net-(R39-Pad2)")
    (add_net "Net-(R40-Pad2)")
    (add_net "Net-(R41-Pad2)")
    (add_net "Net-(R42-Pad2)")
    (add_net "Net-(R43-Pad2)")
    (add_net "Net-(R44-Pad2)")
    (add_net "Net-(R45-Pad2)")
    (add_net "Net-(R46-Pad2)")
    (add_net "Net-(R47-Pad2)")
    (add_net "Net-(R48-Pad2)")
    (add_net "Net-(R49-Pad2)")
    (add_net "Net-(R50-Pad2)")
    (add_net "Net-(R51-Pad2)")
    (add_net "Net-(R52-Pad2)")
    (add_net "Net-(R53-Pad2)")
    (add_net "Net-(R54-Pad2)")
    (add_net "Net-(R55-Pad2)")
    (add_net "Net-(R56-Pad2)")
    (add_net "Net-(R57-Pad2)")
    (add_net "Net-(R58-Pad2)")
    (add_net "Net-(U2-PadA15)")
    (add_net "Net-(U2-PadA4)")
    (add_net "Net-(U2-PadB16)")
    (add_net "Net-(U2-PadB18)")
    (add_net "Net-(U2-PadB19)")
    (add_net "Net-(U2-PadB20)")
    (add_net "Net-(U2-PadB5)")
    (add_net "Net-(U2-PadC17)")
    (add_net "Net-(U2-PadC5)")
    (add_net "Net-(U2-PadC9)")
    (add_net "Net-(U2-PadD10)")
    (add_net "Net-(U2-PadD16)")
    (add_net "Net-(U2-PadE10)")
    (add_net "Net-(U2-PadE15)")
    (add_net "Net-(U2-PadJ1)")
    (add_net "Net-(U2-PadJ5)")
    (add_net "Net-(U2-PadK1)")
    (add_net "Net-(U2-PadK16)")
    (add_net "Net-(U2-PadK17)")
    (add_net "Net-(U2-PadK3)")
    (add_net "Net-(U2-PadL5)")
    (add_net "Net-(U2-PadM5)")
    (add_net "Net-(U2-PadP2)")
    (add_net "Net-(U2-PadR1)")
    (add_net "Net-(U2-PadR3)")
    (add_net "Net-(U2-PadT1)")
    (add_net "Net-(U2-PadT16)")
    (add_net "Net-(U2-PadU1)")
    (add_net "Net-(U2-PadV1)")
    (add_net "Net-(U2-PadW13)")
    (add_net "Net-(U2-PadW14)")
    (add_net "Net-(U2-PadW17)")
    (add_net "Net-(U2-PadW18)")
    (add_net "Net-(U2-PadW4)")
    (add_net "Net-(U2-PadW5)")
    (add_net "Net-(U2-PadW8)")
    (add_net "Net-(U2-PadW9)")
    (add_net "Net-(U3-Pad1)")
    (add_net "Net-(U3-Pad2)")
    (add_net "Net-(U3-Pad3)")
    (add_net "Net-(U3-Pad30)")
    (add_net "Net-(U3-Pad31)")
    (add_net "Net-(U3-Pad32)")
    (add_net "Net-(U4-Pad4)")
    (add_net "Net-(U6-Pad14)")
    (add_net "Net-(U7-Pad40)")
    (add_net "Net-(Y1-Pad2)")
    (add_net "Net-(Y1-Pad4)")
    (add_net VBUS)
    (add_net VD10)
  )

  (module MountingHole:MountingHole_3.2mm_M3_Pad (layer F.Cu) (tedit 56D1B4CB) (tstamp 5C9890FB)
    (at 140 125)
    (descr "Mounting Hole 3.2mm, M3")
    (tags "mounting hole 3.2mm m3")
    (path /86D6E82C)
    (attr virtual)
    (fp_text reference H4 (at 0 -4.2) (layer F.SilkS)
      (effects (font (size 1 1) (thickness 0.15)))
    )
    (fp_text value " " (at 0 4.2) (layer F.Fab)
      (effects (font (size 1 1) (thickness 0.15)))
    )
    (fp_circle (center 0 0) (end 3.45 0) (layer F.CrtYd) (width 0.05))
    (fp_circle (center 0 0) (end 3.2 0) (layer Cmts.User) (width 0.15))
    (fp_text user %R (at 0.3 0) (layer F.Fab)
      (effects (font (size 1 1) (thickness 0.15)))
    )
    (pad 1 thru_hole circle (at 0 0) (size 6.4 6.4) (drill 3.2) (layers *.Cu *.Mask)
      (net 1 GND))
  )

  (module MountingHole:MountingHole_3.2mm_M3_Pad (layer F.Cu) (tedit 56D1B4CB) (tstamp 5C9890F3)
    (at 55 125)
    (descr "Mounting Hole 3.2mm, M3")
    (tags "mounting hole 3.2mm m3")
    (path /86D6E6C6)
    (attr virtual)
    (fp_text reference H3 (at 0 -4.2) (layer F.SilkS)
      (effects (font (size 1 1) (thickness 0.15)))
    )
    (fp_text value " " (at 0 4.2) (layer F.Fab)
      (effects (font (size 1 1) (thickness 0.15)))
    )
    (fp_text user %R (at 0.3 0) (layer F.Fab)
      (effects (font (size 1 1) (thickness 0.15)))
    )
    (fp_circle (center 0 0) (end 3.2 0) (layer Cmts.User) (width 0.15))
    (fp_circle (center 0 0) (end 3.45 0) (layer F.CrtYd) (width 0.05))
    (pad 1 thru_hole circle (at 0 0) (size 6.4 6.4) (drill 3.2) (layers *.Cu *.Mask)
      (net 1 GND))
  )

  (module MountingHole:MountingHole_3.2mm_M3_Pad (layer F.Cu) (tedit 56D1B4CB) (tstamp 5CA6B7D7)
    (at 140 55)
    (descr "Mounting Hole 3.2mm, M3")
    (tags "mounting hole 3.2mm m3")
    (path /86D6E562)
    (attr virtual)
    (fp_text reference H2 (at 0 -4.2) (layer F.SilkS)
      (effects (font (size 1 1) (thickness 0.15)))
    )
    (fp_text value " " (at 0 4.2) (layer F.Fab)
      (effects (font (size 1 1) (thickness 0.15)))
    )
    (fp_circle (center 0 0) (end 3.45 0) (layer F.CrtYd) (width 0.05))
    (fp_circle (center 0 0) (end 3.2 0) (layer Cmts.User) (width 0.15))
    (fp_text user %R (at 0.3 0) (layer F.Fab)
      (effects (font (size 1 1) (thickness 0.15)))
    )
    (pad 1 thru_hole circle (at 0 0) (size 6.4 6.4) (drill 3.2) (layers *.Cu *.Mask)
      (net 1 GND))
  )

  (module MountingHole:MountingHole_3.2mm_M3_Pad (layer F.Cu) (tedit 56D1B4CB) (tstamp 5C9890E3)
    (at 55 55)
    (descr "Mounting Hole 3.2mm, M3")
    (tags "mounting hole 3.2mm m3")
    (path /86D6D6B3)
    (attr virtual)
    (fp_text reference H1 (at 0 -4.2) (layer F.SilkS)
      (effects (font (size 1 1) (thickness 0.15)))
    )
    (fp_text value " " (at 0 4.2) (layer F.Fab)
      (effects (font (size 1 1) (thickness 0.15)))
    )
    (fp_text user %R (at 0.3 0) (layer F.Fab)
      (effects (font (size 1 1) (thickness 0.15)))
    )
    (fp_circle (center 0 0) (end 3.2 0) (layer Cmts.User) (width 0.15))
    (fp_circle (center 0 0) (end 3.45 0) (layer F.CrtYd) (width 0.05))
    (pad 1 thru_hole circle (at 0 0) (size 6.4 6.4) (drill 3.2) (layers *.Cu *.Mask)
      (net 1 GND))
  )

  (module Resistor_SMD:R_0603_1608Metric (layer F.Cu) (tedit 5B301BBD) (tstamp 5C90D6CA)
    (at 64.25 89.5 180)
    (descr "Resistor SMD 0603 (1608 Metric), square (rectangular) end terminal, IPC_7351 nominal, (Body size source: http://www.tortai-tech.com/upload/download/2011102023233369053.pdf), generated with kicad-footprint-generator")
    (tags resistor)
    (path /62DC8F14)
    (attr smd)
    (fp_text reference R27 (at 3.25 0 180) (layer F.SilkS)
      (effects (font (size 1 1) (thickness 0.15)))
    )
    (fp_text value 0R (at 0 1.43 180) (layer F.Fab)
      (effects (font (size 1 1) (thickness 0.15)))
    )
    (fp_text user %R (at 0 0 180) (layer F.Fab)
      (effects (font (size 0.4 0.4) (thickness 0.06)))
    )
    (fp_line (start 1.48 0.73) (end -1.48 0.73) (layer F.CrtYd) (width 0.05))
    (fp_line (start 1.48 -0.73) (end 1.48 0.73) (layer F.CrtYd) (width 0.05))
    (fp_line (start -1.48 -0.73) (end 1.48 -0.73) (layer F.CrtYd) (width 0.05))
    (fp_line (start -1.48 0.73) (end -1.48 -0.73) (layer F.CrtYd) (width 0.05))
    (fp_line (start -0.162779 0.51) (end 0.162779 0.51) (layer F.SilkS) (width 0.12))
    (fp_line (start -0.162779 -0.51) (end 0.162779 -0.51) (layer F.SilkS) (width 0.12))
    (fp_line (start 0.8 0.4) (end -0.8 0.4) (layer F.Fab) (width 0.1))
    (fp_line (start 0.8 -0.4) (end 0.8 0.4) (layer F.Fab) (width 0.1))
    (fp_line (start -0.8 -0.4) (end 0.8 -0.4) (layer F.Fab) (width 0.1))
    (fp_line (start -0.8 0.4) (end -0.8 -0.4) (layer F.Fab) (width 0.1))
    (pad 2 smd roundrect (at 0.7875 0 180) (size 0.875 0.95) (layers F.Cu F.Paste F.Mask) (roundrect_rratio 0.25)
      (net 222 /USB_DM))
    (pad 1 smd roundrect (at -0.7875 0 180) (size 0.875 0.95) (layers F.Cu F.Paste F.Mask) (roundrect_rratio 0.25)
      (net 187 /FT_DM))
    (model ${KISYS3DMOD}/Resistor_SMD.3dshapes/R_0603_1608Metric.wrl
      (at (xyz 0 0 0))
      (scale (xyz 1 1 1))
      (rotate (xyz 0 0 0))
    )
  )

  (module PUSB3FR4Z:PUSB3FR4Z (layer F.Cu) (tedit 5B3A96E2) (tstamp 5C90D84D)
    (at 67.7 89 90)
    (path /853B1268)
    (attr smd)
    (fp_text reference J6 (at 0 1.075 90) (layer F.Fab)
      (effects (font (size 0.2 0.2) (thickness 0.05)))
    )
    (fp_text value PUSB3FR4Z (at 0 -0.975 90) (layer F.Fab)
      (effects (font (size 0.2 0.2) (thickness 0.05)))
    )
    (fp_line (start -1.225 0.75) (end -1.225 -0.75) (layer F.Fab) (width 0.1))
    (fp_line (start 1.225 0.75) (end 1.225 -0.75) (layer F.Fab) (width 0.1))
    (fp_line (start -1.225 -0.75) (end 1.225 -0.75) (layer F.Fab) (width 0.1))
    (fp_line (start 1.225 0.75) (end -1.225 0.75) (layer F.Fab) (width 0.1))
    (fp_circle (center -1.5 -1) (end -1.4 -0.9) (layer F.Fab) (width 0.15))
    (pad 8 smd rect (at 0 0.3875 90) (size 0.2 0.475) (layers F.Cu F.Paste F.Mask)
      (net 1 GND))
    (pad 3 smd rect (at 0 -0.3875 90) (size 0.2 0.475) (layers F.Cu F.Paste F.Mask)
      (net 1 GND))
    (pad 4 smd rect (at 0.5 -0.3875 90) (size 0.2 0.475) (layers F.Cu F.Paste F.Mask)
      (net 187 /FT_DM))
    (pad 5 smd rect (at 1 -0.3875 90) (size 0.2 0.475) (layers F.Cu F.Paste F.Mask)
      (net 186 /FT_DP))
    (pad 7 smd rect (at 0.5 0.3875 90) (size 0.2 0.475) (layers F.Cu F.Paste F.Mask)
      (net 187 /FT_DM))
    (pad 6 smd rect (at 1 0.3875 90) (size 0.2 0.475) (layers F.Cu F.Paste F.Mask)
      (net 186 /FT_DP))
    (pad 9 smd rect (at -0.5 0.3875 90) (size 0.2 0.475) (layers F.Cu F.Paste F.Mask)
      (net 234 "Net-(J6-Pad9)"))
    (pad 10 smd rect (at -1 0.3875 90) (size 0.2 0.475) (layers F.Cu F.Paste F.Mask)
      (net 235 "Net-(J6-Pad10)"))
    (pad 2 smd rect (at -0.5 -0.3875 90) (size 0.2 0.475) (layers F.Cu F.Paste F.Mask)
      (net 236 "Net-(J6-Pad2)"))
    (pad 1 smd rect (at -1 -0.3875 90) (size 0.2 0.475) (layers F.Cu F.Paste F.Mask)
      (net 237 "Net-(J6-Pad1)"))
    (model ${KIPRJMOD}/Footprints.pretty/NXP_DFN2510A-N10.wrl
      (at (xyz 0 0 0))
      (scale (xyz 1 1 1))
      (rotate (xyz 0 0 90))
    )
  )

  (module PUSB3FR4Z:PUSB3FR4Z (layer F.Cu) (tedit 5B3A96E2) (tstamp 5C90D860)
    (at 67.689934 91.912249 90)
    (path /674DD88C)
    (attr smd)
    (fp_text reference J7 (at 0 1.075 90) (layer F.Fab)
      (effects (font (size 0.2 0.2) (thickness 0.05)))
    )
    (fp_text value PUSB3FR4Z (at 0 -0.975 90) (layer F.Fab)
      (effects (font (size 0.2 0.2) (thickness 0.05)))
    )
    (fp_circle (center -1.5 -1) (end -1.4 -0.9) (layer F.Fab) (width 0.15))
    (fp_line (start 1.225 0.75) (end -1.225 0.75) (layer F.Fab) (width 0.1))
    (fp_line (start -1.225 -0.75) (end 1.225 -0.75) (layer F.Fab) (width 0.1))
    (fp_line (start 1.225 0.75) (end 1.225 -0.75) (layer F.Fab) (width 0.1))
    (fp_line (start -1.225 0.75) (end -1.225 -0.75) (layer F.Fab) (width 0.1))
    (pad 1 smd rect (at -1 -0.3875 90) (size 0.2 0.475) (layers F.Cu F.Paste F.Mask)
      (net 193 /FT_RIDN))
    (pad 2 smd rect (at -0.5 -0.3875 90) (size 0.2 0.475) (layers F.Cu F.Paste F.Mask)
      (net 194 /FT_RIDP))
    (pad 10 smd rect (at -1 0.3875 90) (size 0.2 0.475) (layers F.Cu F.Paste F.Mask)
      (net 193 /FT_RIDN))
    (pad 9 smd rect (at -0.5 0.3875 90) (size 0.2 0.475) (layers F.Cu F.Paste F.Mask)
      (net 194 /FT_RIDP))
    (pad 6 smd rect (at 1 0.3875 90) (size 0.2 0.475) (layers F.Cu F.Paste F.Mask)
      (net 192 /FT_TODP))
    (pad 7 smd rect (at 0.5 0.3875 90) (size 0.2 0.475) (layers F.Cu F.Paste F.Mask)
      (net 189 /FT_TODN))
    (pad 5 smd rect (at 1 -0.3875 90) (size 0.2 0.475) (layers F.Cu F.Paste F.Mask)
      (net 192 /FT_TODP))
    (pad 4 smd rect (at 0.5 -0.3875 90) (size 0.2 0.475) (layers F.Cu F.Paste F.Mask)
      (net 189 /FT_TODN))
    (pad 3 smd rect (at 0 -0.3875 90) (size 0.2 0.475) (layers F.Cu F.Paste F.Mask)
      (net 1 GND))
    (pad 8 smd rect (at 0 0.3875 90) (size 0.2 0.475) (layers F.Cu F.Paste F.Mask)
      (net 1 GND))
    (model ${KIPRJMOD}/Footprints.pretty/NXP_DFN2510A-N10.wrl
      (at (xyz 0 0 0))
      (scale (xyz 1 1 1))
      (rotate (xyz 0 0 90))
    )
  )

  (module Resistor_SMD:R_0603_1608Metric (layer F.Cu) (tedit 5B301BBD) (tstamp 5C90D6DB)
    (at 64.25 88 180)
    (descr "Resistor SMD 0603 (1608 Metric), square (rectangular) end terminal, IPC_7351 nominal, (Body size source: http://www.tortai-tech.com/upload/download/2011102023233369053.pdf), generated with kicad-footprint-generator")
    (tags resistor)
    (path /62DC9048)
    (attr smd)
    (fp_text reference R28 (at 3.25 0 180) (layer F.SilkS)
      (effects (font (size 1 1) (thickness 0.15)))
    )
    (fp_text value 0R (at 0 1.43 180) (layer F.Fab)
      (effects (font (size 1 1) (thickness 0.15)))
    )
    (fp_line (start -0.8 0.4) (end -0.8 -0.4) (layer F.Fab) (width 0.1))
    (fp_line (start -0.8 -0.4) (end 0.8 -0.4) (layer F.Fab) (width 0.1))
    (fp_line (start 0.8 -0.4) (end 0.8 0.4) (layer F.Fab) (width 0.1))
    (fp_line (start 0.8 0.4) (end -0.8 0.4) (layer F.Fab) (width 0.1))
    (fp_line (start -0.162779 -0.51) (end 0.162779 -0.51) (layer F.SilkS) (width 0.12))
    (fp_line (start -0.162779 0.51) (end 0.162779 0.51) (layer F.SilkS) (width 0.12))
    (fp_line (start -1.48 0.73) (end -1.48 -0.73) (layer F.CrtYd) (width 0.05))
    (fp_line (start -1.48 -0.73) (end 1.48 -0.73) (layer F.CrtYd) (width 0.05))
    (fp_line (start 1.48 -0.73) (end 1.48 0.73) (layer F.CrtYd) (width 0.05))
    (fp_line (start 1.48 0.73) (end -1.48 0.73) (layer F.CrtYd) (width 0.05))
    (fp_text user %R (at 0 0 180) (layer F.Fab)
      (effects (font (size 0.4 0.4) (thickness 0.06)))
    )
    (pad 1 smd roundrect (at -0.7875 0 180) (size 0.875 0.95) (layers F.Cu F.Paste F.Mask) (roundrect_rratio 0.25)
      (net 186 /FT_DP))
    (pad 2 smd roundrect (at 0.7875 0 180) (size 0.875 0.95) (layers F.Cu F.Paste F.Mask) (roundrect_rratio 0.25)
      (net 223 /USB_DP))
    (model ${KISYS3DMOD}/Resistor_SMD.3dshapes/R_0603_1608Metric.wrl
      (at (xyz 0 0 0))
      (scale (xyz 1 1 1))
      (rotate (xyz 0 0 0))
    )
  )

  (module Capacitor_SMD:C_0603_1608Metric (layer F.Cu) (tedit 5B301BBE) (tstamp 5C90DFEB)
    (at -23.1 90.8)
    (descr "Capacitor SMD 0603 (1608 Metric), square (rectangular) end terminal, IPC_7351 nominal, (Body size source: http://www.tortai-tech.com/upload/download/2011102023233369053.pdf), generated with kicad-footprint-generator")
    (tags capacitor)
    (path /5CD3C81F)
    (attr smd)
    (fp_text reference C10 (at 0 -1.43) (layer F.SilkS)
      (effects (font (size 1 1) (thickness 0.15)))
    )
    (fp_text value 10n (at 0 1.43) (layer F.Fab)
      (effects (font (size 1 1) (thickness 0.15)))
    )
    (fp_line (start -0.8 0.4) (end -0.8 -0.4) (layer F.Fab) (width 0.1))
    (fp_line (start -0.8 -0.4) (end 0.8 -0.4) (layer F.Fab) (width 0.1))
    (fp_line (start 0.8 -0.4) (end 0.8 0.4) (layer F.Fab) (width 0.1))
    (fp_line (start 0.8 0.4) (end -0.8 0.4) (layer F.Fab) (width 0.1))
    (fp_line (start -0.162779 -0.51) (end 0.162779 -0.51) (layer F.SilkS) (width 0.12))
    (fp_line (start -0.162779 0.51) (end 0.162779 0.51) (layer F.SilkS) (width 0.12))
    (fp_line (start -1.48 0.73) (end -1.48 -0.73) (layer F.CrtYd) (width 0.05))
    (fp_line (start -1.48 -0.73) (end 1.48 -0.73) (layer F.CrtYd) (width 0.05))
    (fp_line (start 1.48 -0.73) (end 1.48 0.73) (layer F.CrtYd) (width 0.05))
    (fp_line (start 1.48 0.73) (end -1.48 0.73) (layer F.CrtYd) (width 0.05))
    (fp_text user %R (at 0 0) (layer F.Fab)
      (effects (font (size 0.4 0.4) (thickness 0.06)))
    )
    (pad 1 smd roundrect (at -0.7875 0) (size 0.875 0.95) (layers F.Cu F.Paste F.Mask) (roundrect_rratio 0.25)
      (net 160 "Net-(C10-Pad1)"))
    (pad 2 smd roundrect (at 0.7875 0) (size 0.875 0.95) (layers F.Cu F.Paste F.Mask) (roundrect_rratio 0.25)
      (net 1 GND))
    (model ${KISYS3DMOD}/Capacitor_SMD.3dshapes/C_0603_1608Metric.wrl
      (at (xyz 0 0 0))
      (scale (xyz 1 1 1))
      (rotate (xyz 0 0 0))
    )
  )

  (module Capacitor_SMD:C_0603_1608Metric (layer F.Cu) (tedit 5B301BBE) (tstamp 5C90DFDA)
    (at 15.145001 146.165001)
    (descr "Capacitor SMD 0603 (1608 Metric), square (rectangular) end terminal, IPC_7351 nominal, (Body size source: http://www.tortai-tech.com/upload/download/2011102023233369053.pdf), generated with kicad-footprint-generator")
    (tags capacitor)
    (path /5C2C2899)
    (attr smd)
    (fp_text reference C2 (at 0 -1.43) (layer F.SilkS)
      (effects (font (size 1 1) (thickness 0.15)))
    )
    (fp_text value 1u (at 0 1.43) (layer F.Fab)
      (effects (font (size 1 1) (thickness 0.15)))
    )
    (fp_text user %R (at 0 0) (layer F.Fab)
      (effects (font (size 0.4 0.4) (thickness 0.06)))
    )
    (fp_line (start 1.48 0.73) (end -1.48 0.73) (layer F.CrtYd) (width 0.05))
    (fp_line (start 1.48 -0.73) (end 1.48 0.73) (layer F.CrtYd) (width 0.05))
    (fp_line (start -1.48 -0.73) (end 1.48 -0.73) (layer F.CrtYd) (width 0.05))
    (fp_line (start -1.48 0.73) (end -1.48 -0.73) (layer F.CrtYd) (width 0.05))
    (fp_line (start -0.162779 0.51) (end 0.162779 0.51) (layer F.SilkS) (width 0.12))
    (fp_line (start -0.162779 -0.51) (end 0.162779 -0.51) (layer F.SilkS) (width 0.12))
    (fp_line (start 0.8 0.4) (end -0.8 0.4) (layer F.Fab) (width 0.1))
    (fp_line (start 0.8 -0.4) (end 0.8 0.4) (layer F.Fab) (width 0.1))
    (fp_line (start -0.8 -0.4) (end 0.8 -0.4) (layer F.Fab) (width 0.1))
    (fp_line (start -0.8 0.4) (end -0.8 -0.4) (layer F.Fab) (width 0.1))
    (pad 2 smd roundrect (at 0.7875 0) (size 0.875 0.95) (layers F.Cu F.Paste F.Mask) (roundrect_rratio 0.25)
      (net 1 GND))
    (pad 1 smd roundrect (at -0.7875 0) (size 0.875 0.95) (layers F.Cu F.Paste F.Mask) (roundrect_rratio 0.25)
      (net 151 "Net-(C2-Pad1)"))
    (model ${KISYS3DMOD}/Capacitor_SMD.3dshapes/C_0603_1608Metric.wrl
      (at (xyz 0 0 0))
      (scale (xyz 1 1 1))
      (rotate (xyz 0 0 0))
    )
  )

  (module Capacitor_SMD:C_0603_1608Metric (layer F.Cu) (tedit 5B301BBE) (tstamp 5C90DFC9)
    (at 21.165001 142.705001)
    (descr "Capacitor SMD 0603 (1608 Metric), square (rectangular) end terminal, IPC_7351 nominal, (Body size source: http://www.tortai-tech.com/upload/download/2011102023233369053.pdf), generated with kicad-footprint-generator")
    (tags capacitor)
    (path /5CBC6D5C)
    (attr smd)
    (fp_text reference C3 (at 0 -1.43) (layer F.SilkS)
      (effects (font (size 1 1) (thickness 0.15)))
    )
    (fp_text value 10u (at 0 1.43) (layer F.Fab)
      (effects (font (size 1 1) (thickness 0.15)))
    )
    (fp_line (start -0.8 0.4) (end -0.8 -0.4) (layer F.Fab) (width 0.1))
    (fp_line (start -0.8 -0.4) (end 0.8 -0.4) (layer F.Fab) (width 0.1))
    (fp_line (start 0.8 -0.4) (end 0.8 0.4) (layer F.Fab) (width 0.1))
    (fp_line (start 0.8 0.4) (end -0.8 0.4) (layer F.Fab) (width 0.1))
    (fp_line (start -0.162779 -0.51) (end 0.162779 -0.51) (layer F.SilkS) (width 0.12))
    (fp_line (start -0.162779 0.51) (end 0.162779 0.51) (layer F.SilkS) (width 0.12))
    (fp_line (start -1.48 0.73) (end -1.48 -0.73) (layer F.CrtYd) (width 0.05))
    (fp_line (start -1.48 -0.73) (end 1.48 -0.73) (layer F.CrtYd) (width 0.05))
    (fp_line (start 1.48 -0.73) (end 1.48 0.73) (layer F.CrtYd) (width 0.05))
    (fp_line (start 1.48 0.73) (end -1.48 0.73) (layer F.CrtYd) (width 0.05))
    (fp_text user %R (at 0 0) (layer F.Fab)
      (effects (font (size 0.4 0.4) (thickness 0.06)))
    )
    (pad 1 smd roundrect (at -0.7875 0) (size 0.875 0.95) (layers F.Cu F.Paste F.Mask) (roundrect_rratio 0.25)
      (net 157 +5V))
    (pad 2 smd roundrect (at 0.7875 0) (size 0.875 0.95) (layers F.Cu F.Paste F.Mask) (roundrect_rratio 0.25)
      (net 1 GND))
    (model ${KISYS3DMOD}/Capacitor_SMD.3dshapes/C_0603_1608Metric.wrl
      (at (xyz 0 0 0))
      (scale (xyz 1 1 1))
      (rotate (xyz 0 0 0))
    )
  )

  (module Capacitor_SMD:C_0603_1608Metric (layer F.Cu) (tedit 5B301BBE) (tstamp 5C90DFB8)
    (at 31.025001 98.855001)
    (descr "Capacitor SMD 0603 (1608 Metric), square (rectangular) end terminal, IPC_7351 nominal, (Body size source: http://www.tortai-tech.com/upload/download/2011102023233369053.pdf), generated with kicad-footprint-generator")
    (tags capacitor)
    (path /5CD14D45)
    (attr smd)
    (fp_text reference C4 (at 0 -1.43) (layer F.SilkS)
      (effects (font (size 1 1) (thickness 0.15)))
    )
    (fp_text value 10u (at 0 1.43) (layer F.Fab)
      (effects (font (size 1 1) (thickness 0.15)))
    )
    (fp_text user %R (at 0 0) (layer F.Fab)
      (effects (font (size 0.4 0.4) (thickness 0.06)))
    )
    (fp_line (start 1.48 0.73) (end -1.48 0.73) (layer F.CrtYd) (width 0.05))
    (fp_line (start 1.48 -0.73) (end 1.48 0.73) (layer F.CrtYd) (width 0.05))
    (fp_line (start -1.48 -0.73) (end 1.48 -0.73) (layer F.CrtYd) (width 0.05))
    (fp_line (start -1.48 0.73) (end -1.48 -0.73) (layer F.CrtYd) (width 0.05))
    (fp_line (start -0.162779 0.51) (end 0.162779 0.51) (layer F.SilkS) (width 0.12))
    (fp_line (start -0.162779 -0.51) (end 0.162779 -0.51) (layer F.SilkS) (width 0.12))
    (fp_line (start 0.8 0.4) (end -0.8 0.4) (layer F.Fab) (width 0.1))
    (fp_line (start 0.8 -0.4) (end 0.8 0.4) (layer F.Fab) (width 0.1))
    (fp_line (start -0.8 -0.4) (end 0.8 -0.4) (layer F.Fab) (width 0.1))
    (fp_line (start -0.8 0.4) (end -0.8 -0.4) (layer F.Fab) (width 0.1))
    (pad 2 smd roundrect (at 0.7875 0) (size 0.875 0.95) (layers F.Cu F.Paste F.Mask) (roundrect_rratio 0.25)
      (net 1 GND))
    (pad 1 smd roundrect (at -0.7875 0) (size 0.875 0.95) (layers F.Cu F.Paste F.Mask) (roundrect_rratio 0.25)
      (net 157 +5V))
    (model ${KISYS3DMOD}/Capacitor_SMD.3dshapes/C_0603_1608Metric.wrl
      (at (xyz 0 0 0))
      (scale (xyz 1 1 1))
      (rotate (xyz 0 0 0))
    )
  )

  (module Capacitor_SMD:C_0603_1608Metric (layer F.Cu) (tedit 5B301BBE) (tstamp 5C90DFA7)
    (at 21.165001 141.195001)
    (descr "Capacitor SMD 0603 (1608 Metric), square (rectangular) end terminal, IPC_7351 nominal, (Body size source: http://www.tortai-tech.com/upload/download/2011102023233369053.pdf), generated with kicad-footprint-generator")
    (tags capacitor)
    (path /5CD3C83D)
    (attr smd)
    (fp_text reference C5 (at 0 -1.43) (layer F.SilkS)
      (effects (font (size 1 1) (thickness 0.15)))
    )
    (fp_text value 10u (at 0 1.43) (layer F.Fab)
      (effects (font (size 1 1) (thickness 0.15)))
    )
    (fp_line (start -0.8 0.4) (end -0.8 -0.4) (layer F.Fab) (width 0.1))
    (fp_line (start -0.8 -0.4) (end 0.8 -0.4) (layer F.Fab) (width 0.1))
    (fp_line (start 0.8 -0.4) (end 0.8 0.4) (layer F.Fab) (width 0.1))
    (fp_line (start 0.8 0.4) (end -0.8 0.4) (layer F.Fab) (width 0.1))
    (fp_line (start -0.162779 -0.51) (end 0.162779 -0.51) (layer F.SilkS) (width 0.12))
    (fp_line (start -0.162779 0.51) (end 0.162779 0.51) (layer F.SilkS) (width 0.12))
    (fp_line (start -1.48 0.73) (end -1.48 -0.73) (layer F.CrtYd) (width 0.05))
    (fp_line (start -1.48 -0.73) (end 1.48 -0.73) (layer F.CrtYd) (width 0.05))
    (fp_line (start 1.48 -0.73) (end 1.48 0.73) (layer F.CrtYd) (width 0.05))
    (fp_line (start 1.48 0.73) (end -1.48 0.73) (layer F.CrtYd) (width 0.05))
    (fp_text user %R (at 0 0) (layer F.Fab)
      (effects (font (size 0.4 0.4) (thickness 0.06)))
    )
    (pad 1 smd roundrect (at -0.7875 0) (size 0.875 0.95) (layers F.Cu F.Paste F.Mask) (roundrect_rratio 0.25)
      (net 157 +5V))
    (pad 2 smd roundrect (at 0.7875 0) (size 0.875 0.95) (layers F.Cu F.Paste F.Mask) (roundrect_rratio 0.25)
      (net 1 GND))
    (model ${KISYS3DMOD}/Capacitor_SMD.3dshapes/C_0603_1608Metric.wrl
      (at (xyz 0 0 0))
      (scale (xyz 1 1 1))
      (rotate (xyz 0 0 0))
    )
  )

  (module Capacitor_SMD:C_0603_1608Metric (layer F.Cu) (tedit 5B301BBE) (tstamp 5C90DF96)
    (at 15.145001 147.675001)
    (descr "Capacitor SMD 0603 (1608 Metric), square (rectangular) end terminal, IPC_7351 nominal, (Body size source: http://www.tortai-tech.com/upload/download/2011102023233369053.pdf), generated with kicad-footprint-generator")
    (tags capacitor)
    (path /5C16F8E1)
    (attr smd)
    (fp_text reference C6 (at 0 -1.43) (layer F.SilkS)
      (effects (font (size 1 1) (thickness 0.15)))
    )
    (fp_text value 10u (at 0 1.43) (layer F.Fab)
      (effects (font (size 1 1) (thickness 0.15)))
    )
    (fp_text user %R (at 0 0) (layer F.Fab)
      (effects (font (size 0.4 0.4) (thickness 0.06)))
    )
    (fp_line (start 1.48 0.73) (end -1.48 0.73) (layer F.CrtYd) (width 0.05))
    (fp_line (start 1.48 -0.73) (end 1.48 0.73) (layer F.CrtYd) (width 0.05))
    (fp_line (start -1.48 -0.73) (end 1.48 -0.73) (layer F.CrtYd) (width 0.05))
    (fp_line (start -1.48 0.73) (end -1.48 -0.73) (layer F.CrtYd) (width 0.05))
    (fp_line (start -0.162779 0.51) (end 0.162779 0.51) (layer F.SilkS) (width 0.12))
    (fp_line (start -0.162779 -0.51) (end 0.162779 -0.51) (layer F.SilkS) (width 0.12))
    (fp_line (start 0.8 0.4) (end -0.8 0.4) (layer F.Fab) (width 0.1))
    (fp_line (start 0.8 -0.4) (end 0.8 0.4) (layer F.Fab) (width 0.1))
    (fp_line (start -0.8 -0.4) (end 0.8 -0.4) (layer F.Fab) (width 0.1))
    (fp_line (start -0.8 0.4) (end -0.8 -0.4) (layer F.Fab) (width 0.1))
    (pad 2 smd roundrect (at 0.7875 0) (size 0.875 0.95) (layers F.Cu F.Paste F.Mask) (roundrect_rratio 0.25)
      (net 1 GND))
    (pad 1 smd roundrect (at -0.7875 0) (size 0.875 0.95) (layers F.Cu F.Paste F.Mask) (roundrect_rratio 0.25)
      (net 157 +5V))
    (model ${KISYS3DMOD}/Capacitor_SMD.3dshapes/C_0603_1608Metric.wrl
      (at (xyz 0 0 0))
      (scale (xyz 1 1 1))
      (rotate (xyz 0 0 0))
    )
  )

